NAME LATITUDE LONGITUDE ELEVATION(m)
65.051941 -16.64806 955.0
64.46891 -16.75267 1572.0
65.2183 -16.979389 487.0
64.828857 -16.088499 751.0
65.204613 -16.865971 536.0
65.077393 -16.933411 801.0
64.504051 -17.23571 1683.0
65.051941 -16.64806 955.0
65.049438 -16.597031 820.0
64.921494 -16.72847 705.0
65.105499 -16.922319 710.0
64.683601 -17.13372 1381.0
64.637962 -16.98801 1372.0
64.934898 -16.675461 688.0
65.033577 -16.96212 883.0
65.024696 -17.092171 798.0
64.856613 -16.94212 769.0
65.182793 -16.497959 728.0
64.843536 -17.02693 838.0
64.873528 -16.919781 774.0
65.037041 -16.859819 1266.0
65.198753 -16.21843 491.0
65.1287 -16.31698 581.0
64.886253 -16.75296 716.0
65.047478 -16.52985 718.0
64.896332 -16.97921 849.0
65.155769 -16.67551 697.0
65.332169 -16.727779 531.0
65.077469 -16.8057 1174.0
65.659149 -16.77652 378.0
63.947609 -17.686979 78.0
64.999008 -16.965389 885.0
65.075287 -16.75322 1114.0
65.363968 -16.84383 517.0
65.290237 -16.567261 593.0
64.763474 -16.61068 829.0
64.029182 -18.13262 563.0
64.852783 -16.452299 726.0
65.158409 -16.823339 730.0
65.13623 -16.91511 630.0
65.086761 -16.329611 572.0
64.984398 -16.65119 702.0
65.155502 -16.36895 639.0
65.020233 -16.572849 697.0
64.923767 -16.833719 741.0
64.933922 -16.94952 826.0
65.03933 -16.701639 1209.0
65.104141 -16.088079 527.0
65.097237 -16.154779 522.0
65.089752 -16.19557 549.0
64.915329 -16.371269 657.0
64.901939 -16.885031 746.0
64.98513 -16.886391 1022.0
64.026093 -16.988529 259.0
64.978943 -16.83757 1004.0
64.941933 -16.8543 805.0
64.99691 -16.809589 1171.0
64.810913 -16.53488 751.0
65.133133 -16.631439 721.0
65.117462 -16.57498 680.0
64.386597 -15.39449 40.0
64.91658 -16.784731 715.0
65.103378 -16.119499 528.0
65.036049 -16.31867 623.0
64.994873 -16.53817 673.0
65.38205 -16.37467 507.0
65.084457 -16.49346 696.0
65.060127 -16.413601 641.0
64.673149 -17.755911 1011.0
